{"Towers": [
{"ID":"14","GUID":"3795475b-a5bc-46fd-8054-e73fc8180752","Name":"AZ1015","Lng":"102.522435","Lat":"25.690390860000001","Height":"0.0","LocalMatrix":"-0.358376135380131#-0.933577284208438#-5.55111512312578E-17#0#0.933577284208438#-0.358376135380131#0#0#-2.3919965435096E-17#0#1#0#0#0#0#1","URL":"ZC27101-54"},
{"ID":"15","GUID":"bf0637db-e9e1-45bb-a361-b9d215ac06bb","Name":"AZ1016","Lng":"102.5287184","Lat":"25.688217040000001","Height":"0.0","LocalMatrix":"-0.35838209684702#-0.93357499573389#0#0#0.93357499573389#-0.35838209684702#2.77555756156289E-17#0#3.83706019149764E-18#-5.55111512312578E-17#1#0#0#0#0#1","URL":"ZC27101-54"},
{"ID":"16","GUID":"bc9c1708-fc17-43cf-a367-3ac8024305f1","Name":"AJ108","Lng":"102.53357200000001","Lat":"25.68653759","Height":"0.0","LocalMatrix":"-0.411163486116684#-0.911561620344108#-5.55111512312578E-17#0#0.911561620344108#-0.411163486116684#0#0#3.83818053536629E-18#1.11022302462516E-16#1#0#0#0#0#1","URL":"JC27152-48"},
{"ID":"17","GUID":"8fdc3805-fde3-4a11-9b83-800a2f892b10","Name":"AZ1018","Lng":"102.5432632","Lat":"25.681981100000002","Height":"0.0","LocalMatrix":"-0.462516880851865#-0.886610475308668#5.55111512312578E-17#0#0.886610475308668#-0.462516880851865#0#0#3.8412205371269E-18#-5.55111512312578E-17#1#0#0#0#0#1","URL":"ZC27101-54"},
{"ID":"18","GUID":"cb1f3719-6d95-4b3b-a171-f04eb2e3a70d","Name":"AJ108_1","Lng":"102.5455639","Lat":"25.680899190000002","Height":"0.0","LocalMatrix":"-0.529400908641887#-0.848371780488451#6.66133814775094E-16#0#0.848371780488451#-0.529400908641887#-1.11022302462516E-16#0#4.2017557668981E-16#4.44089209850063E-16#1#0#0#0#0#1","URL":"JC27152-42"}
]
}